((("ee_Jacobian_ee_ee" .
   [0 0 0 0 0 0 0 0 0 0 0 0 1 0 0 0 0])
  ("ee_DVorDtNonlinear_ee_ee" .
   [0 0 0 0 0 0 0 1 0 0 0 0 0 0 0 0 0 0 0 0 0 0 0 0])
  ("ee_Dy_ee" .
   [0 0 0 0 0 1 0 0])
  ("ee_Dx_ee" .
   [2 0 0 0 0 1 0 0])
  ("実習:" .
   [5 0 0])
  ("Linux" .
   [1 0 0 0 0])
  ("GPhys::IO" .
   [0 0 0 1 0 0 0 0 0])
  ("intent" .
   [5 0 0 0 0 0])
  ("d" .
   [1])
  ("e_ESp" .
   [2 0 3 1 2])
  ("xtype" .
   [1 0 0 0 0])
  ("units" .
   [1 0 0 0 0])
  ("longname" .
   [1 0 0 0 0 0 0 0])
  ("HistoryPut" .
   [1 0 0 0 0 0 0 0 1 1])
  ("calc_1d_energy_spectrum" .
   [0 0 0 0 1 0 0 0 0 0 0 0 0 0 0 0 0 0 0 0 0 0 0])
  ("subroutine" .
   [1 0 2 4 0 0 1 0 0 0])
  ("./" .
   [1 0])
  ("dims" .
   [2 0 0 0])
  ("varname" .
   [2 0 0 0 0 0 0])
  ("HistoryAddVariable" .
   [0 0 0 0 0 0 0 0 1 1 0 0 0 0 0 0 0 0])
  ("call" .
   [12 0 0 0])
  ("end" .
   [6 0 1])
  ("endif" .
   [1 0 0 0 0])
  ("c" .
   [1])
  ("then" .
   [1 0 0 0])
  ("Nmax" .
   [0 0 0 1])
  ("AND" .
   [1 0 0])
  ("le" .
   [2 0])
  ("Nmin" .
   [1 0 0 0])
  ("if" .
   [1 0])
  ("sqrt" .
   [6 0 0 0])
  ("Ntotal" .
   [5 0 0 0 0 0])
  ("lm" .
   [14 0])
  ("km" .
   [23 0])
  ("do" .
   [5 0])
  ("Etotal" .
   [1 0 0 0 0 0])
  ("ee_1dESp" .
   [0 0 0 0 0 0 1 0])
  ("allocatable" .
   [0 0 0 0 5 0 0 1 0 1 4])
  ("real" .
   [31 1 0 2])
  ("ARGV" .
   [0 0 3 1])
  ("Integer" .
   [0 0 0 0 0 1 0])
  ("Numeric" .
   [0 0 1 0 0 0 0])
  ("is_a?" .
   [0 0 0 0 1])
  ("print" .
   [1 0 0 0 0])
  ("count" .
   [4 0 0 0 0])
  ("num" .
   [1 0 0])
  ("to_s" .
   [2 0 0 0])
  ("number" .
   [1 0 0 0 0 0])
  ("pattern" .
   [2 0 0 0 0 0 0])
  ("read" .
   [1 0 0 0])
  ("require" .
   [0 0 0 0 1 0 0])
  ("chop" .
   [0 0 2 0])
  ("my-hl-line-face" .
   [0 0 0 1 0 0 0 0 0 0 0 0 0 0 0])
  ("hide-all" .
   [0 0 0 0 0 1 0 0])
  ("setq" .
   [1 0 0 1])
  ("col-highlight-face" .
   [0 0 0 0 1 0 0 0 0 0 0 0 0 0 0 0 0 0])
  ("hoge" .
   [3 0 0 0])
  ("filename" .
   [1 0 0 0 0 0 0 0])
  ("File" .
   [1 0 0 0])
  ("str" .
   [6 0 0])
  ("open" .
   [1 0 0 0])
  ("file" .
   [3 0 0 0])
  ("stop" .
   [1 0 0 0])
  ("0d0" .
   [2 0 0])
  ("dble" .
   [12 0 0 0])
  ("enddo" .
   [5 0 0 0 0])
  ("close" .
   [1 0 0 0 0])
  ("program" .
   [1 0 1 2 0 0 0])
  ("file_io" .
   [0 0 0 0 0 1 0])
  ("+%s.%N" .
   [0 0 0 1 0 0])
  ("Test" .
   [0 0 0 2])
  ("use" .
   [2 0 0])
  ("gt4_history" .
   [0 0 1 0 0 0 0 0 0 0 0])
  ("dc_types" .
   [1 0 0 0 0 0 0 0])
  ("only" .
   [1 0 0 0])
  ("implicit" .
   [0 0 1 0 0 0 0 0])
  ("none" .
   [1 0 0 0])
  ("integer" .
   [4 0 2 0 0 0 7])
  ("parameter" .
   [1 0 2 3 4 0 0 0 0])
  ("nt" .
   [1 0])
  ("ndisp" .
   [1 0 0 0 1])
  ("dx" .
   [2 0])
  ("dt" .
   [1 0])
  ("dimension" .
   [0 0 0 0 0 1 0 0 0])
  ("im" .
   [10 0])
  ("q_C" .
   [2 0 0])
  ("q_S" .
   [2 0 0])
  ("0D0" .
   [4 0 0])
  ("pi" .
   [3 0])
  ("nint" .
   [3 0 0 1])
  ("psi_C" .
   [4 0 0 0 0])
  ("psi_S" .
   [3 0 0 0 0])
  ("u_C" .
   [3 0 0])
  ("u_S" .
   [3 0 0])
  ("enrg" .
   [2 0 0 0])
  ("v_C" .
   [1 0 0])
  ("v_S" .
   [1 0 0])
  ("HistoryCreate" .
   [0 0 1 0 0 0 0 0 0 0 0 0 0])
  ("title" .
   [1 0 0 0 0])
  ("l" .
   [2])
  ("ik" .
   [1 0])
  ("i_count" .
   [1 0 3 0 0 0 0])
  ("allocate" .
   [6 0 0 0 0 0 0 0])
  ("i" .
   [1])
  ("e_EnsSp" .
   [2 0 0 1 0 1 0])
  ("calc_energy_and_enstrophy_spectrum" .
   [0 0 1 0 0 1 0 1 0 0 0 0 0 0 0 0 0 0 0 0 0 0 0 0 0 0 0 0 0 0 0 0 0 0])
  ("ee_Strfunc" .
   [0 0 1 2 1 1 0 0 0 7])
  ("ee_Strfunc_tmp1" .
   [1 0 0 0 0 0 0 0 0 0 0 1 0 0 3])
  ("phase_scrambling" .
   [0 0 0 0 0 0 2 0 0 0 0 0 0 0 0 0])
  ("random_phase" .
   [0 0 0 0 1 0 0 0 0 0 0 0])
  ("ee_StrFunc_tmp1" .
   [1 0 0 0 0 0 0 0 0 0 0 0 0 0 0])
  ("ee_StrFunc_tmp2" .
   [1 0 0 0 0 0 0 0 0 0 0 0 0 0 0])
  ("k" .
   [1])
  ("ee_Strfunc_tmp2" .
   [1 0 0 0 0 0 0 0 0 0 0 0 0 0 0])
  ("eq" .
   [1 0])
  ("out" .
   [1 0 0])
  ("ee_Vor" .
   [4 0 0 0 0 2])
  ("in" .
   [1 0])
  ("ee_Lapla" .
   [0 0 0 0 0 0 0 1])
  ("tone" .
   [1 0 0 0])
  ("output_history" .
   [0 0 0 0 0 0 0 1 0 0 0 0 0 0])
  ("tex-command" .
   [0 0 0 0 0 0 1 0 0 0 0])))
